 Estas AAAAA son las variables latentes (vectores de 32 valores Float) con las que se generaron los niveles encontrados en la carpeta ./randomSamples/ 
 
 
 
1
 [-1.2879407729093093, 0.228456748699071, 0.7431225806015431, 0.47812211653631187, 0.2232699081610452, 0.23435822346884552, -1.23856275312221, -0.7763347188089686, 0.1695199483616211, -0.5143968270815434, -1.8288826406778818, 0.1415627722023816, -0.5680408961786064, 0.6873575935477271, -1.015999550205644, -0.6086447590898523, -1.929486975804809, -0.0012287742115352175, 0.8628558687795173, 0.5239087826771427, -1.6183968591644968, -1.2775559648383514, 0.7806249637626121, -0.7599877040954475, 1.3446160052110196, -0.02750275357603051, 0.4580307256898145, 0.47523215022243415, 0.12319041653797544, -1.7177231220798634, -0.6927574122223368, -0.4332504649831463]
 

2
 [-0.755404663622604, 0.860210344701805, 0.30362725994069356, -1.248677261355688, 1.505705175986184, 1.856747635352584, -0.32397128963449034, -0.6345398681434286, -0.8262255888576143, 0.7530882178963978, -0.19736254635485947, -0.6613321222340743, 1.1832109634241184, 1.1591450376926953, 0.25025289150234076, -0.9544607239894494, -2.4055769186604516, -1.1458136711341738, 0.4542410916177121, 0.5496500623751608, -0.7958499730937828, -0.22491704704623472, -1.3303277048041562, -0.33810270301546774, 1.7269602201535967, 0.9653894672532702, 0.36409662774623497, 0.8567313586646007, 0.25396907057748175, -0.14591966720083835, 0.061536649289054314, -1.0321227341581762]
 

3
 [-0.3851264034713897, 0.11943871096027686, 1.8991871782929184, -0.26869983268016484, 0.4212004342964571, -1.0711548991350035, 1.4588029005848424, 0.3364900152140129, 1.9654896160837076, -0.293182361069416, -1.5654191076979234, 0.830910197499421, 3.35041971154476, -0.4479843536784392, 0.9070313054723255, -0.12900737821539768, 1.0309058521607475, -0.229476309795697, 0.9275980220520784, -0.9117302119426282, -0.6804330817370379, -0.283911547294112, -0.29727268411704966, 0.35097092918752987, 1.5832879398161004, 0.06445699086631616, 0.7785822482408331, 1.8666809604421917, 0.005616651314988666, -1.076691615740734, -0.9046643500705449, -0.6543854551428179]
 

4
 [-1.4916064943720548, 2.0941808646257907, -1.128075832744654, 1.6910278781959978, -0.15816104150737795, 0.16550979256225615, -0.02403446912648744, 0.40590560298524414, 0.6826591265384093, 0.330622803063689, 1.7731357417939129, -0.7867371937209333, -0.34404722462698883, -3.1038090126418916, -1.2432985710459847, -1.8022792543538644, 0.4945149678598227, 1.323723674314683, 0.2831493789722961, 1.1753216669014315, 0.7406355840396653, 0.14849150843971695, 0.6117131946965193, -1.435093852669847, 0.19898767191521038, 0.12459035772662053, -1.1829261209915602, 0.05454742156970457, -1.869259054555523, 0.3571187377255984, 1.9683739820143689, 0.32051438940602994]
 

5
 [1.7958408967319666, 1.1257664356706552, 0.5698465983939129, -0.24976408684241325, -1.8493379268163583, -0.4565377178908933, -0.0774833673711563, 0.8392044350142724, -0.4565190358496876, -0.22537898653273944, -0.2415544607298805, 0.27656907013057314, -0.4328365630884208, 1.232172934560433, -0.8706203458658966, -0.5654329407657744, -0.7502462113634681, -1.3081864751987111, -0.3213768511485865, 0.13593803875963448, -0.710334597736831, 1.9433722203384876, 0.7435651316100386, 0.938818230654358, 0.6272551176820291, -0.7702000348010358, 1.3715100169622247, -0.3019518573322116, -0.41705272758845024, 1.160663069243647, 0.7460710632500597, -1.6636042118876966]
 
